402,323
402,322
2,57
2,56
402,319
2,55
402,318
402,317
402,316
402,315
402,272
402,314
2,54
402,313
402,312
402,311
2,53
558,3
567,9
1,57
567,8
567,7
1,56
567,6
567,5
567,4
567,3
561,11
1,55
561,10
561,9
1,54
561,8
561,7
1,53
561,6
561,5
561,4
1,52
561,3
524,3
539,3
533,3
3,51
527,3
505,3
514,3
2,52
508,3
470,3
479,82
479,11
1,51
479,77
479,76
479,75
479,74
479,73
479,72
479,10
479,81
479,71
479,70
479,69
479,68
479,67
479,66
479,9
479,65
479,64
479,35
1,50
479,34
479,33
479,32
479,80
479,8
479,31
479,30
479,29
479,28
479,27
479,26
479,79
479,7
479,25
479,24
479,23
479,22
479,21
479,20
479,19
479,6
1,49
479,18
479,17
479,16
479,15
479,14
479,13
479,5
479,78
479,12
479,4
479,3
473,85
473,77
473,13
473,76
473,75
473,74
473,73
473,12
473,72
1,48
473,71
473,70
473,69
473,68
473,11
473,84
473,67
473,66
473,65
473,64
473,35
473,10
473,83
473,34
473,33
473,32
473,31
473,30
473,9
473,29
473,28
473,27
1,47
473,82
473,8
473,26
473,25
473,24
473,7
473,81
473,23
473,22
473,21
473,20
473,19
473,6
473,80
473,79
473,18
473,17
473,16
473,15
473,14
473,78
473,5
1,46
473,4
473,3
450,3
459,9
3,50
459,8
459,7
3,49
459,6
459,5
459,4
459,3
3,48
453,11
453,10
3,47
453,9
453,8
453,7
3,46
453,6
453,5
453,4
3,45
453,3
440,91
440,81
440,80
440,79
2,51
440,95
440,69
440,68
440,94
440,78
440,90
440,67
440,89
440,88
440,66
440,65
440,64
440,35
440,87
440,77
440,93
440,34
440,86
440,33
440,32
440,31
440,30
2,50
440,92
440,76
440,29
440,85
440,28
440,27
440,26
440,25
440,24
440,75
440,74
440,73
440,23
440,84
440,72
440,83
2,49
440,71
440,82
440,70
434,130
434,119
434,103
434,118
434,127
434,102
434,117
434,116
434,126
434,101
434,115
2,48
434,100
434,99
434,98
434,125
434,114
434,97
434,96
434,124
434,113
434,95
2,47
434,123
434,112
434,111
434,94
434,122
434,121
434,110
434,93
434,109
434,108
434,92
434,107
2,46
434,106
434,129
434,128
434,91
434,120
434,90
434,105
434,104
434,89
2,45
1,45
3,44
2,44
1,44
3,43
2,43
1,43
3,42
2,42
1,42
3,41
2,41
1,41
3,40
2,40
1,40
3,39
2,39
1,39
3,38
2,38
1,38
3,37
2,37
1,37
3,36
2,36
1,36
3,35
2,35
1,35
3,34
2,34
1,34
3,33
2,33
1,33
3,32
2,32
1,32
3,31
2,31
1,31
3,30
2,30
1,30
3,29
2,29
1,29
3,28
2,28
1,28
3,27
2,27
1,27
3,26
2,26
1,26
3,25
2,25
1,25
3,24
2,24
1,24
3,23
2,23
1,23
3,22
2,22
1,22
3,21
2,21
1,21
3,20
2,20
1,20
3,19
2,19
1,19
3,18
2,18
1,18
3,17
2,17
1,17
3,16
2,16
1,16
3,15
2,15
1,15
3,14
2,14
3,13
2,13
1,13
3,12
2,12
1,12
3,11
2,11
1,11
3,10
2,10
1,10
3,9
2,9
1,9
3,8
2,8
1,8
3,7
2,7
1,7
3,6
2,6
1,6
3,5
2,5
1,5
3,4
2,4
1,4
3,3
2,3
1,3
0,6
1,14
48,3
621,22
621,13
621,10
621,9
621,8
621,3
603,3
602,3
601,3
600,3
599,3
598,3
597,3
596,3
578,3
577,9
577,8
577,7
577,6
577,3
576,127
576,126
576,125
576,60
576,52
576,49
576,44
576,38
576,34
576,23
576,20
576,14
576,11
576,10
576,3
575,3
574,3
573,50
573,46
573,39
573,37
573,34
573,27
573,24
573,15
573,14
573,13
573,12
573,11
573,3
555,52
555,51
555,48
555,47
555,42
555,37
555,29
555,27
555,26
555,25
555,18
555,17
555,16
555,15
555,14
555,13
555,12
555,3
554,74
554,66
554,65
554,61
554,58
554,52
554,51
554,48
554,42
554,37
554,31
554,21
554,15
554,12
554,11
554,10
554,3
553,18
553,15
553,14
553,13
553,3
552,29
552,27
552,22
552,18
552,13
552,10
552,9
552,8
552,3
551,338
551,337
551,336
551,335
551,334
551,333
551,332
551,331
551,330
551,329
551,328
551,327
551,326
551,325
551,324
551,323
551,322
551,321
551,320
551,179
551,171
551,168
551,163
551,159
551,152
551,149
551,146
551,143
551,135
551,128
551,126
551,123
551,120
551,111
551,106
551,99
551,97
551,93
551,86
551,83
551,76
551,69
551,64
551,51
551,41
551,39
551,28
551,21
551,16
551,15
551,14
551,3
550,11
550,10
550,9
550,3
549,251
549,250
549,249
549,248
549,247
549,246
549,245
549,244
549,243
549,242
549,241
549,240
549,239
549,238
549,237
549,236
549,235
549,234
549,233
549,232
549,231
549,230
549,229
549,228
549,227
549,226
549,225
549,224
549,223
549,222
549,221
549,220
549,219
549,218
549,217
549,216
549,215
549,214
549,213
549,212
549,211
549,210
549,209
549,208
549,207
549,206
549,205
549,204
549,203
549,202
549,201
549,200
549,199
549,198
549,197
549,196
549,195
549,194
549,193
549,192
549,164
549,162
549,155
549,152
549,149
549,145
549,141
549,135
549,131
549,130
549,128
549,117
549,113
549,106
549,100
549,96
549,94
549,91
549,88
549,80
549,76
549,72
549,63
549,58
549,50
549,40
549,35
549,24
549,21
549,16
549,15
549,14
549,3
548,3
547,3
546,3
545,3
521,3
520,3
502,3
501,3
500,3
499,3
498,3
497,13
497,10
497,9
497,8
497,3
496,3
495,3
494,67
494,65
494,62
494,61
494,56
494,53
494,47
494,44
494,42
494,38
494,36
494,32
494,30
494,27
494,23
494,19
494,10
494,9
494,8
494,3
493,4
387,3
492,3
491,3
490,3
489,3
488,35
488,32
488,27
488,25
488,21
488,17
488,10
488,9
488,8
488,3
487,3
486,46
486,42
486,39
486,33
486,31
486,27
486,22
486,16
486,11
486,10
486,9
486,3
485,83
485,79
485,76
485,72
485,68
485,64
485,63
485,60
485,58
485,55
485,50
485,44
485,41
485,33
485,32
485,31
485,18
485,17
485,16
485,15
485,14
485,13
485,3
467,148
467,147
467,146
467,145
467,144
467,143
467,142
467,141
467,140
467,139
467,138
467,137
467,136
467,135
467,134
467,133
467,132
467,131
467,130
467,129
467,128
467,98
467,96
467,94
467,93
467,91
467,90
467,88
467,85
467,82
467,79
467,78
467,76
467,68
467,64
467,61
467,59
467,58
467,57
467,54
467,46
467,44
467,41
467,35
467,24
467,23
467,22
467,17
467,16
467,15
467,14
467,13
467,12
467,3
466,4
465,4
447,91
447,89
447,88
447,86
447,84
447,80
447,74
447,73
447,71
447,70
447,67
447,66
447,63
447,60
447,58
447,56
447,53
447,51
447,46
447,42
447,34
447,30
447,29
447,28
447,19
447,18
447,17
447,16
447,15
447,14
447,13
447,3
446,15
446,11
446,10
446,9
446,3
428,350
428,349
428,348
428,347
428,346
428,345
428,344
428,343
428,342
428,341
428,340
428,339
428,338
428,337
428,336
428,335
428,334
428,333
428,332
428,331
428,330
428,329
428,328
428,327
428,326
428,325
428,324
428,323
428,322
428,321
428,320
428,191
428,190
428,189
428,188
428,187
428,186
428,185
428,184
428,183
428,182
428,181
428,180
428,179
428,178
428,177
428,176
428,175
428,174
428,173
428,172
428,171
428,170
428,169
428,168
428,167
428,166
428,165
428,164
428,163
428,162
428,161
428,160
428,159
428,158
428,157
428,156
428,155
428,154
428,153
428,152
428,151
428,150
428,3
427,3
426,3
425,3
424,3
423,3
422,36
422,33
422,29
422,23
422,16
422,11
422,10
422,9
422,3
421,95
421,93
421,89
421,88
421,84
421,82
421,77
421,75
421,72
421,69
421,64
421,63
421,60
421,58
421,55
421,52
421,49
421,45
421,41
421,37
421,35
421,31
421,30
421,26
421,23
421,19
421,10
421,9
421,8
421,3
420,3
419,3
418,3
417,3
416,3
415,3
414,17
414,15
414,14
414,12
414,10
414,7
414,6
414,5
414,3
413,16
413,13
413,11
413,10
413,7
413,6
413,5
413,3
412,3
411,3
410,3
409,29
409,26
409,22
409,19
409,10
409,9
409,8
409,3
408,19
408,10
408,9
408,8
408,3
396,2559
396,1983
396,1727
396,1599
396,1151
396,447
396,191
396,776
396,3
395,37
395,33
395,24
395,20
395,13
395,12
395,11
395,10
395,3
394,1279
394,255
394,3
393,1151
393,191
393,3
392,1001
392,994
392,991
392,989
392,988
392,977
392,974
392,970
392,965
392,963
392,830
392,829
392,821
392,819
392,814
392,808
392,804
392,801
392,798
392,781
392,778
392,776
392,775
392,773
392,768
392,575
392,574
392,573
392,572
392,570
392,568
392,567
392,566
392,565
392,563
392,561
392,559
392,558
392,556
392,550
392,537
392,536
392,535
392,534
392,531
392,528
392,526
392,520
392,513
392,190
392,189
392,187
392,3
391,3
390,3
389,3
396,1900
396,1896
396,1899
396,659
396,1898
396,1910
396,676
396,1906
396,668
396,61
396,1911
396,1909
396,1908
396,1907
396,1905
396,1904
396,1903
396,1902
396,1901
396,1897
395,38
395,26
395,25
395,7
391,5
390,8
389,6
5,26
5,25
5,24
575,6
575,5
575,4
574,10
574,9
574,8
574,7
574,6
574,5
574,4
573,48
573,49
573,36
573,35
573,10
573,41
573,32
573,31
573,9
573,40
573,30
573,29
573,8
573,44
573,26
573,23
573,22
573,7
573,33
573,38
573,21
573,20
573,6
573,43
573,45
573,25
573,19
573,18
573,5
573,42
573,47
573,28
573,17
573,16
573,4
555,39
555,38
555,11
555,50
555,35
555,34
555,10
555,31
555,30
555,9
555,41
555,40
555,8
555,28
555,36
555,24
555,23
555,7
555,44
555,22
555,45
555,21
555,6
555,43
555,20
555,46
555,19
555,5
555,49
555,33
555,32
555,4
554,63
554,111
554,46
554,35
554,34
554,9
554,73
554,57
554,39
554,28
554,27
554,8
554,38
554,49
554,50
554,40
554,64
554,70
554,26
554,25
554,7
554,41
554,43
554,72
554,55
554,19
554,22
554,23
554,56
554,71
554,18
554,6
554,68
554,24
554,54
554,47
554,32
554,17
554,75
554,16
554,5
554,67
554,69
554,59
554,60
554,33
554,14
554,20
554,29
554,44
554,53
554,45
554,62
554,30
554,36
554,13
554,4
5,23
553,12
553,11
553,10
553,9
553,8
553,7
553,6
553,5
553,17
553,16
553,4
5,22
552,28
552,21
552,20
552,7
552,25
552,17
552,16
552,6
552,24
552,26
552,15
552,14
552,5
552,19
552,12
552,23
552,11
552,4
551,386
551,78
551,401
551,385
551,156
551,119
551,80
551,55
551,54
551,13
551,399
551,391
551,185
551,158
551,130
551,101
551,71
551,47
551,46
551,12
551,441
551,184
551,394
551,412
551,398
551,157
551,129
551,100
551,70
551,45
551,44
551,11
551,132
551,85
551,150
551,409
551,404
551,59
551,186
551,384
551,387
551,187
551,181
551,127
551,36
551,392
551,108
551,396
551,65
551,160
551,89
551,167
551,35
551,10
551,400
551,389
551,180
551,148
551,117
551,79
551,58
551,57
551,9
551,98
551,183
551,393
551,68
551,190
551,34
551,60
551,407
551,191
551,61
551,84
551,107
551,139
551,402
551,182
551,147
551,74
551,410
551,62
551,56
551,33
551,8
551,406
551,411
551,42
551,95
551,138
551,397
551,390
551,189
551,176
551,153
551,140
551,118
551,96
551,77
551,48
551,32
551,405
551,31
551,7
551,403
551,395
551,166
551,40
551,388
551,188
551,151
551,131
551,114
551,94
551,75
551,43
551,30
551,408
551,29
551,6
551,259
551,274
551,275
551,276
551,273
551,23
551,67
551,256
551,110
551,103
551,266
551,91
551,113
551,82
551,88
551,173
551,105
551,178
551,175
551,170
551,73
551,145
551,50
551,122
551,265
551,257
551,263
551,25
551,264
551,137
551,262
551,267
551,92
551,268
551,269
551,27
551,20
551,165
551,155
551,162
551,38
551,261
551,270
551,116
551,271
551,134
551,272
551,258
551,53
551,19
551,142
551,260
551,125
551,5
551,195
551,210
551,211
551,212
551,209
551,22
551,66
551,192
551,109
551,102
551,202
551,90
551,112
551,81
551,87
551,172
551,104
551,177
551,174
551,169
551,72
551,144
551,49
551,121
551,201
551,193
551,199
551,24
551,200
551,136
551,198
551,203
551,63
551,204
551,205
551,26
551,18
551,164
551,154
551,161
551,37
551,197
551,206
551,115
551,207
551,133
551,208
551,194
551,52
551,17
551,141
551,196
551,124
551,4
550,8
550,7
550,6
550,5
550,13
550,12
550,4
5,21
5,20
549,448
549,295
549,74
549,486
549,476
549,466
549,455
549,306
549,282
549,258
549,166
549,140
549,105
549,75
549,53
549,52
549,13
549,477
549,485
549,478
549,467
549,459
549,450
549,312
549,304
549,303
549,302
549,301
549,172
549,161
549,160
549,95
549,64
549,47
549,46
549,12
549,307
549,309
549,314
549,457
549,487
549,479
549,468
549,460
549,297
549,286
549,272
549,191
549,171
549,148
549,127
549,111
549,110
549,45
549,44
549,11
549,87
549,488
549,112
549,184
549,283
549,268
549,185
549,51
549,288
549,259
549,173
549,154
549,136
549,115
549,73
549,86
549,28
549,271
549,81
549,280
549,504
549,503
549,502
549,501
549,308
549,27
549,10
549,266
549,464
549,484
549,480
549,470
549,465
549,270
549,319
549,62
549,456
549,315
549,299
549,284
549,262
549,174
549,146
549,116
549,79
549,42
549,41
549,9
549,101
549,123
549,483
549,481
549,475
549,469
549,463
549,458
549,451
549,316
549,311
549,305
549,291
549,287
549,279
549,269
549,257
549,178
549,169
549,153
549,139
549,124
549,102
549,90
549,71
549,43
549,34
549,33
549,8
549,267
549,93
549,265
549,57
549,276
549,518
549,517
549,516
549,512
549,514
549,515
549,260
549,289
549,452
549,461
549,453
549,513
549,449
549,310
549,290
549,294
549,134
549,263
549,165
549,177
549,144
549,163
549,99
549,89
549,264
549,32
549,275
549,120
549,292
549,59
549,277
549,107
549,273
549,31
549,7
549,577
549,474
549,462
549,454
549,313
549,298
549,281
549,188
549,170
549,147
549,114
549,300
549,48
549,472
549,473
549,256
549,261
549,278
549,285
549,49
549,317
549,482
549,576
549,318
549,293
549,274
549,179
549,129
549,92
549,56
549,30
549,296
549,471
549,29
549,6
549,427
549,424
549,425
549,423
549,413
549,420
549,421
549,402
549,411
549,426
549,412
549,414
549,404
549,406
549,407
549,403
549,400
549,393
549,408
549,395
549,396
549,401
549,389
549,392
549,391
549,416
549,397
549,388
549,390
549,385
549,387
549,384
549,418
549,157
549,417
549,386
549,419
549,183
549,176
549,181
549,168
549,399
549,159
549,190
549,138
549,151
549,187
549,143
549,415
549,394
549,133
549,104
549,405
549,122
549,422
549,109
549,409
549,98
549,23
549,66
549,410
549,83
549,126
549,85
549,119
549,68
549,70
549,61
549,55
549,398
549,428
549,26
549,39
549,37
549,20
549,78
549,19
549,5
549,4
5,19
548,8
548,7
548,6
548,5
548,4
547,8
547,7
547,6
547,5
547,4
546,7
546,6
546,5
546,4
545,8
545,7
545,6
545,5
545,4
521,8
521,7
521,6
521,5
521,4
5,18
520,7
520,6
520,5
520,4
5,17
5,16
502,12
502,11
502,10
502,9
502,8
502,7
502,6
502,5
502,4
501,7
501,6
501,5
501,4
500,7
500,6
500,5
500,4
499,8
499,7
499,6
499,5
499,4
498,7
498,6
498,5
498,4
497,19
497,18
497,7
497,17
497,16
497,6
497,15
497,14
497,5
497,12
497,11
497,4
496,7
496,6
496,5
496,4
495,7
495,6
495,5
495,4
494,45
494,22
494,120
494,119
494,54
494,43
494,31
494,24
494,18
494,17
494,7
494,49
494,68
494,63
494,58
494,50
494,41
494,35
494,29
494,21
494,14
494,13
494,6
494,48
494,69
494,64
494,59
494,52
494,40
494,34
494,28
494,20
494,12
494,11
494,5
494,37
494,66
494,33
494,39
494,55
494,25
494,51
494,16
494,57
494,46
494,26
494,60
494,15
494,4
493,3
492,7
492,6
492,5
492,4
5,15
491,7
491,6
491,5
491,4
5,14
490,8
490,7
490,6
490,5
490,4
489,7
489,6
489,5
489,4
488,33
488,34
488,24
488,19
488,18
488,7
488,31
488,23
488,16
488,15
488,6
488,30
488,22
488,14
488,13
488,5
488,28
488,20
488,29
488,12
488,26
488,11
488,4
487,7
487,6
487,5
487,4
5,13
486,32
486,25
486,24
486,8
486,43
486,44
486,28
486,21
486,20
486,7
486,34
486,19
486,35
486,45
486,18
486,6
486,23
486,41
486,26
486,38
486,15
486,29
486,14
486,5
486,40
486,47
486,30
486,36
486,17
486,37
486,13
486,12
486,4
485,61
485,62
485,46
485,45
485,12
485,56
485,57
485,40
485,39
485,11
485,65
485,38
